960 1
960 HT3DH08
   1	 1	 1 2 15 14 1054 1055 1068 1067 
   2	 1	 2 3 16 15 1055 1056 1069 1068 
   3	 1	 3 4 17 16 1056 1057 1070 1069 
   4	 1	 4 5 18 17 1057 1058 1071 1070 
   5	 1	 5 6 19 18 1058 1059 1072 1071 
   6	 1	 6 7 20 19 1059 1060 1073 1072 
   7	 1	 7 8 21 20 1060 1061 1074 1073 
   8	 1	 8 9 22 21 1061 1062 1075 1074 
   9	 1	 9 10 23 22 1062 1063 1076 1075 
   10	 1	 10 11 24 23 1063 1064 1077 1076 
   11	 1	 11 12 25 24 1064 1065 1078 1077 
   12	 1	 12 13 26 25 1065 1066 1079 1078 
   13	 1	 14 15 28 27 1067 1068 1081 1080 
   14	 1	 15 16 29 28 1068 1069 1082 1081 
   15	 1	 16 17 30 29 1069 1070 1083 1082 
   16	 1	 17 18 31 30 1070 1071 1084 1083 
   17	 1	 18 19 32 31 1071 1072 1085 1084 
   18	 1	 19 20 33 32 1072 1073 1086 1085 
   19	 1	 20 21 34 33 1073 1074 1087 1086 
   20	 1	 21 22 35 34 1074 1075 1088 1087 
   21	 1	 22 23 36 35 1075 1076 1089 1088 
   22	 1	 23 24 37 36 1076 1077 1090 1089 
   23	 1	 24 25 38 37 1077 1078 1091 1090 
   24	 1	 25 26 39 38 1078 1079 1092 1091 
   25	 1	 27 28 41 40 1080 1081 1094 1093 
   26	 1	 28 29 42 41 1081 1082 1095 1094 
   27	 1	 29 30 43 42 1082 1083 1096 1095 
   28	 1	 30 31 44 43 1083 1084 1097 1096 
   29	 1	 31 32 45 44 1084 1085 1098 1097 
   30	 1	 32 33 46 45 1085 1086 1099 1098 
   31	 1	 33 34 47 46 1086 1087 1100 1099 
   32	 1	 34 35 48 47 1087 1088 1101 1100 
   33	 1	 35 36 49 48 1088 1089 1102 1101 
   34	 1	 36 37 50 49 1089 1090 1103 1102 
   35	 1	 37 38 51 50 1090 1091 1104 1103 
   36	 1	 38 39 52 51 1091 1092 1105 1104 
   37	 1	 40 41 54 53 1093 1094 1107 1106 
   38	 1	 41 42 55 54 1094 1095 1108 1107 
   39	 1	 42 43 56 55 1095 1096 1109 1108 
   40	 1	 43 44 57 56 1096 1097 1110 1109 
   41	 1	 44 45 58 57 1097 1098 1111 1110 
   42	 1	 45 46 59 58 1098 1099 1112 1111 
   43	 1	 46 47 60 59 1099 1100 1113 1112 
   44	 1	 47 48 61 60 1100 1101 1114 1113 
   45	 1	 48 49 62 61 1101 1102 1115 1114 
   46	 1	 49 50 63 62 1102 1103 1116 1115 
   47	 1	 50 51 64 63 1103 1104 1117 1116 
   48	 1	 51 52 65 64 1104 1105 1118 1117 
   49	 1	 53 54 67 66 1106 1107 1120 1119 
   50	 1	 54 55 68 67 1107 1108 1121 1120 
   51	 1	 55 56 69 68 1108 1109 1122 1121 
   52	 1	 56 57 70 69 1109 1110 1123 1122 
   53	 1	 57 58 71 70 1110 1111 1124 1123 
   54	 1	 58 59 72 71 1111 1112 1125 1124 
   55	 1	 59 60 73 72 1112 1113 1126 1125 
   56	 1	 60 61 74 73 1113 1114 1127 1126 
   57	 1	 61 62 75 74 1114 1115 1128 1127 
   58	 1	 62 63 76 75 1115 1116 1129 1128 
   59	 1	 63 64 77 76 1116 1117 1130 1129 
   60	 1	 64 65 78 77 1117 1118 1131 1130 
   61	 1	 66 67 80 79 1119 1120 1133 1132 
   62	 1	 67 68 81 80 1120 1121 1134 1133 
   63	 1	 68 69 82 81 1121 1122 1135 1134 
   64	 1	 69 70 83 82 1122 1123 1136 1135 
   65	 1	 70 71 84 83 1123 1124 1137 1136 
   66	 1	 71 72 85 84 1124 1125 1138 1137 
   67	 1	 72 73 86 85 1125 1126 1139 1138 
   68	 1	 73 74 87 86 1126 1127 1140 1139 
   69	 1	 74 75 88 87 1127 1128 1141 1140 
   70	 1	 75 76 89 88 1128 1129 1142 1141 
   71	 1	 76 77 90 89 1129 1130 1143 1142 
   72	 1	 77 78 91 90 1130 1131 1144 1143 
   73	 1	 79 80 93 92 1132 1133 1146 1145 
   74	 1	 80 81 94 93 1133 1134 1147 1146 
   75	 1	 81 82 95 94 1134 1135 1148 1147 
   76	 1	 82 83 96 95 1135 1136 1149 1148 
   77	 1	 83 84 97 96 1136 1137 1150 1149 
   78	 1	 84 85 98 97 1137 1138 1151 1150 
   79	 1	 85 86 99 98 1138 1139 1152 1151 
   80	 1	 86 87 100 99 1139 1140 1153 1152 
   81	 1	 87 88 101 100 1140 1141 1154 1153 
   82	 1	 88 89 102 101 1141 1142 1155 1154 
   83	 1	 89 90 103 102 1142 1143 1156 1155 
   84	 1	 90 91 104 103 1143 1144 1157 1156 
   85	 1	 92 93 106 105 1145 1146 1159 1158 
   86	 1	 93 94 107 106 1146 1147 1160 1159 
   87	 1	 94 95 108 107 1147 1148 1161 1160 
   88	 1	 95 96 109 108 1148 1149 1162 1161 
   89	 1	 96 97 110 109 1149 1150 1163 1162 
   90	 1	 97 98 111 110 1150 1151 1164 1163 
   91	 1	 98 99 112 111 1151 1152 1165 1164 
   92	 1	 99 100 113 112 1152 1153 1166 1165 
   93	 1	 100 101 114 113 1153 1154 1167 1166 
   94	 1	 101 102 115 114 1154 1155 1168 1167 
   95	 1	 102 103 116 115 1155 1156 1169 1168 
   96	 1	 103 104 117 116 1156 1157 1170 1169 
   97	 1	 105 106 119 118 1158 1159 1172 1171 
   98	 1	 106 107 120 119 1159 1160 1173 1172 
   99	 1	 107 108 121 120 1160 1161 1174 1173 
   100	 1	 108 109 122 121 1161 1162 1175 1174 
   101	 1	 109 110 123 122 1162 1163 1176 1175 
   102	 1	 110 111 124 123 1163 1164 1177 1176 
   103	 1	 111 112 125 124 1164 1165 1178 1177 
   104	 1	 112 113 126 125 1165 1166 1179 1178 
   105	 1	 113 114 127 126 1166 1167 1180 1179 
   106	 1	 114 115 128 127 1167 1168 1181 1180 
   107	 1	 115 116 129 128 1168 1169 1182 1181 
   108	 1	 116 117 130 129 1169 1170 1183 1182 
   109	 1	 118 119 132 131 1171 1172 1185 1184 
   110	 1	 119 120 133 132 1172 1173 1186 1185 
   111	 1	 120 121 134 133 1173 1174 1187 1186 
   112	 1	 121 122 135 134 1174 1175 1188 1187 
   113	 1	 122 123 136 135 1175 1176 1189 1188 
   114	 1	 123 124 137 136 1176 1177 1190 1189 
   115	 1	 124 125 138 137 1177 1178 1191 1190 
   116	 1	 125 126 139 138 1178 1179 1192 1191 
   117	 1	 126 127 140 139 1179 1180 1193 1192 
   118	 1	 127 128 141 140 1180 1181 1194 1193 
   119	 1	 128 129 142 141 1181 1182 1195 1194 
   120	 1	 129 130 143 142 1182 1183 1196 1195 
   121	 1	 131 132 145 144 1184 1185 1198 1197 
   122	 1	 132 133 146 145 1185 1186 1199 1198 
   123	 1	 133 134 147 146 1186 1187 1200 1199 
   124	 1	 134 135 148 147 1187 1188 1201 1200 
   125	 1	 135 136 149 148 1188 1189 1202 1201 
   126	 1	 136 137 150 149 1189 1190 1203 1202 
   127	 1	 137 138 151 150 1190 1191 1204 1203 
   128	 1	 138 139 152 151 1191 1192 1205 1204 
   129	 1	 139 140 153 152 1192 1193 1206 1205 
   130	 1	 140 141 154 153 1193 1194 1207 1206 
   131	 1	 141 142 155 154 1194 1195 1208 1207 
   132	 1	 142 143 156 155 1195 1196 1209 1208 
   133	 1	 144 145 158 157 1197 1198 1211 1210 
   134	 1	 145 146 159 158 1198 1199 1212 1211 
   135	 1	 146 147 160 159 1199 1200 1213 1212 
   136	 1	 147 148 161 160 1200 1201 1214 1213 
   137	 1	 148 149 162 161 1201 1202 1215 1214 
   138	 1	 149 150 163 162 1202 1203 1216 1215 
   139	 1	 150 151 164 163 1203 1204 1217 1216 
   140	 1	 151 152 165 164 1204 1205 1218 1217 
   141	 1	 152 153 166 165 1205 1206 1219 1218 
   142	 1	 153 154 167 166 1206 1207 1220 1219 
   143	 1	 154 155 168 167 1207 1208 1221 1220 
   144	 1	 155 156 169 168 1208 1209 1222 1221 
   145	 1	 157 158 171 170 1210 1211 1224 1223 
   146	 1	 158 159 172 171 1211 1212 1225 1224 
   147	 1	 159 160 173 172 1212 1213 1226 1225 
   148	 1	 160 161 174 173 1213 1214 1227 1226 
   149	 1	 161 162 175 174 1214 1215 1228 1227 
   150	 1	 162 163 176 175 1215 1216 1229 1228 
   151	 1	 163 164 177 176 1216 1217 1230 1229 
   152	 1	 164 165 178 177 1217 1218 1231 1230 
   153	 1	 165 166 179 178 1218 1219 1232 1231 
   154	 1	 166 167 180 179 1219 1220 1233 1232 
   155	 1	 167 168 181 180 1220 1221 1234 1233 
   156	 1	 168 169 182 181 1221 1222 1235 1234 
   157	 1	 170 171 184 183 1223 1224 1237 1236 
   158	 1	 171 172 185 184 1224 1225 1238 1237 
   159	 1	 172 173 186 185 1225 1226 1239 1238 
   160	 1	 173 174 187 186 1226 1227 1240 1239 
   161	 1	 174 175 188 187 1227 1228 1241 1240 
   162	 1	 175 176 189 188 1228 1229 1242 1241 
   163	 1	 176 177 190 189 1229 1230 1243 1242 
   164	 1	 177 178 191 190 1230 1231 1244 1243 
   165	 1	 178 179 192 191 1231 1232 1245 1244 
   166	 1	 179 180 193 192 1232 1233 1246 1245 
   167	 1	 180 181 194 193 1233 1234 1247 1246 
   168	 1	 181 182 195 194 1234 1235 1248 1247 
   169	 1	 183 184 197 196 1236 1237 1250 1249 
   170	 1	 184 185 198 197 1237 1238 1251 1250 
   171	 1	 185 186 199 198 1238 1239 1252 1251 
   172	 1	 186 187 200 199 1239 1240 1253 1252 
   173	 1	 187 188 201 200 1240 1241 1254 1253 
   174	 1	 188 189 202 201 1241 1242 1255 1254 
   175	 1	 189 190 203 202 1242 1243 1256 1255 
   176	 1	 190 191 204 203 1243 1244 1257 1256 
   177	 1	 191 192 205 204 1244 1245 1258 1257 
   178	 1	 192 193 206 205 1245 1246 1259 1258 
   179	 1	 193 194 207 206 1246 1247 1260 1259 
   180	 1	 194 195 208 207 1247 1248 1261 1260 
   181	 1	 196 197 210 209 1249 1250 1263 1262 
   182	 1	 197 198 211 210 1250 1251 1264 1263 
   183	 1	 198 199 212 211 1251 1252 1265 1264 
   184	 1	 199 200 213 212 1252 1253 1266 1265 
   185	 1	 200 201 214 213 1253 1254 1267 1266 
   186	 1	 201 202 215 214 1254 1255 1268 1267 
   187	 1	 202 203 216 215 1255 1256 1269 1268 
   188	 1	 203 204 217 216 1256 1257 1270 1269 
   189	 1	 204 205 218 217 1257 1258 1271 1270 
   190	 1	 205 206 219 218 1258 1259 1272 1271 
   191	 1	 206 207 220 219 1259 1260 1273 1272 
   192	 1	 207 208 221 220 1260 1261 1274 1273 
   193	 1	 209 210 223 222 1262 1263 1276 1275 
   194	 1	 210 211 224 223 1263 1264 1277 1276 
   195	 1	 211 212 225 224 1264 1265 1278 1277 
   196	 1	 212 213 226 225 1265 1266 1279 1278 
   197	 1	 213 214 227 226 1266 1267 1280 1279 
   198	 1	 214 215 228 227 1267 1268 1281 1280 
   199	 1	 215 216 229 228 1268 1269 1282 1281 
   200	 1	 216 217 230 229 1269 1270 1283 1282 
   201	 1	 217 218 231 230 1270 1271 1284 1283 
   202	 1	 218 219 232 231 1271 1272 1285 1284 
   203	 1	 219 220 233 232 1272 1273 1286 1285 
   204	 1	 220 221 234 233 1273 1274 1287 1286 
   205	 1	 222 223 236 235 1275 1276 1289 1288 
   206	 1	 223 224 237 236 1276 1277 1290 1289 
   207	 1	 224 225 238 237 1277 1278 1291 1290 
   208	 1	 225 226 239 238 1278 1279 1292 1291 
   209	 1	 226 227 240 239 1279 1280 1293 1292 
   210	 1	 227 228 241 240 1280 1281 1294 1293 
   211	 1	 228 229 242 241 1281 1282 1295 1294 
   212	 1	 229 230 243 242 1282 1283 1296 1295 
   213	 1	 230 231 244 243 1283 1284 1297 1296 
   214	 1	 231 232 245 244 1284 1285 1298 1297 
   215	 1	 232 233 246 245 1285 1286 1299 1298 
   216	 1	 233 234 247 246 1286 1287 1300 1299 
   217	 1	 235 236 249 248 1288 1289 1302 1301 
   218	 1	 236 237 250 249 1289 1290 1303 1302 
   219	 1	 237 238 251 250 1290 1291 1304 1303 
   220	 1	 238 239 252 251 1291 1292 1305 1304 
   221	 1	 239 240 253 252 1292 1293 1306 1305 
   222	 1	 240 241 254 253 1293 1294 1307 1306 
   223	 1	 241 242 255 254 1294 1295 1308 1307 
   224	 1	 242 243 256 255 1295 1296 1309 1308 
   225	 1	 243 244 257 256 1296 1297 1310 1309 
   226	 1	 244 245 258 257 1297 1298 1311 1310 
   227	 1	 245 246 259 258 1298 1299 1312 1311 
   228	 1	 246 247 260 259 1299 1300 1313 1312 
   229	 1	 248 249 262 261 1301 1302 1315 1314 
   230	 1	 249 250 263 262 1302 1303 1316 1315 
   231	 1	 250 251 264 263 1303 1304 1317 1316 
   232	 1	 251 252 265 264 1304 1305 1318 1317 
   233	 1	 252 253 266 265 1305 1306 1319 1318 
   234	 1	 253 254 267 266 1306 1307 1320 1319 
   235	 1	 254 255 268 267 1307 1308 1321 1320 
   236	 1	 255 256 269 268 1308 1309 1322 1321 
   237	 1	 256 257 270 269 1309 1310 1323 1322 
   238	 1	 257 258 271 270 1310 1311 1324 1323 
   239	 1	 258 259 272 271 1311 1312 1325 1324 
   240	 1	 259 260 273 272 1312 1313 1326 1325 
   241	 1	 261 262 275 274 1314 1315 1328 1327 
   242	 1	 262 263 276 275 1315 1316 1329 1328 
   243	 1	 263 264 277 276 1316 1317 1330 1329 
   244	 1	 264 265 278 277 1317 1318 1331 1330 
   245	 1	 265 266 279 278 1318 1319 1332 1331 
   246	 1	 266 267 280 279 1319 1320 1333 1332 
   247	 1	 267 268 281 280 1320 1321 1334 1333 
   248	 1	 268 269 282 281 1321 1322 1335 1334 
   249	 1	 269 270 283 282 1322 1323 1336 1335 
   250	 1	 270 271 284 283 1323 1324 1337 1336 
   251	 1	 271 272 285 284 1324 1325 1338 1337 
   252	 1	 272 273 286 285 1325 1326 1339 1338 
   253	 1	 274 275 288 287 1327 1328 1341 1340 
   254	 1	 275 276 289 288 1328 1329 1342 1341 
   255	 1	 276 277 290 289 1329 1330 1343 1342 
   256	 1	 277 278 291 290 1330 1331 1344 1343 
   257	 1	 278 279 292 291 1331 1332 1345 1344 
   258	 1	 279 280 293 292 1332 1333 1346 1345 
   259	 1	 280 281 294 293 1333 1334 1347 1346 
   260	 1	 281 282 295 294 1334 1335 1348 1347 
   261	 1	 282 283 296 295 1335 1336 1349 1348 
   262	 1	 283 284 297 296 1336 1337 1350 1349 
   263	 1	 284 285 298 297 1337 1338 1351 1350 
   264	 1	 285 286 299 298 1338 1339 1352 1351 
   265	 1	 287 288 301 300 1340 1341 1354 1353 
   266	 1	 288 289 302 301 1341 1342 1355 1354 
   267	 1	 289 290 303 302 1342 1343 1356 1355 
   268	 1	 290 291 304 303 1343 1344 1357 1356 
   269	 1	 291 292 305 304 1344 1345 1358 1357 
   270	 1	 292 293 306 305 1345 1346 1359 1358 
   271	 1	 293 294 307 306 1346 1347 1360 1359 
   272	 1	 294 295 308 307 1347 1348 1361 1360 
   273	 1	 295 296 309 308 1348 1349 1362 1361 
   274	 1	 296 297 310 309 1349 1350 1363 1362 
   275	 1	 297 298 311 310 1350 1351 1364 1363 
   276	 1	 298 299 312 311 1351 1352 1365 1364 
   277	 1	 300 301 314 313 1353 1354 1367 1366 
   278	 1	 301 302 315 314 1354 1355 1368 1367 
   279	 1	 302 303 316 315 1355 1356 1369 1368 
   280	 1	 303 304 317 316 1356 1357 1370 1369 
   281	 1	 304 305 318 317 1357 1358 1371 1370 
   282	 1	 305 306 319 318 1358 1359 1372 1371 
   283	 1	 306 307 320 319 1359 1360 1373 1372 
   284	 1	 307 308 321 320 1360 1361 1374 1373 
   285	 1	 308 309 322 321 1361 1362 1375 1374 
   286	 1	 309 310 323 322 1362 1363 1376 1375 
   287	 1	 310 311 324 323 1363 1364 1377 1376 
   288	 1	 311 312 325 324 1364 1365 1378 1377 
   289	 1	 313 314 327 326 1366 1367 1380 1379 
   290	 1	 314 315 328 327 1367 1368 1381 1380 
   291	 1	 315 316 329 328 1368 1369 1382 1381 
   292	 1	 316 317 330 329 1369 1370 1383 1382 
   293	 1	 317 318 331 330 1370 1371 1384 1383 
   294	 1	 318 319 332 331 1371 1372 1385 1384 
   295	 1	 319 320 333 332 1372 1373 1386 1385 
   296	 1	 320 321 334 333 1373 1374 1387 1386 
   297	 1	 321 322 335 334 1374 1375 1388 1387 
   298	 1	 322 323 336 335 1375 1376 1389 1388 
   299	 1	 323 324 337 336 1376 1377 1390 1389 
   300	 1	 324 325 338 337 1377 1378 1391 1390 
   301	 1	 326 327 340 339 1379 1380 1393 1392 
   302	 1	 327 328 341 340 1380 1381 1394 1393 
   303	 1	 328 329 342 341 1381 1382 1395 1394 
   304	 1	 329 330 343 342 1382 1383 1396 1395 
   305	 1	 330 331 344 343 1383 1384 1397 1396 
   306	 1	 331 332 345 344 1384 1385 1398 1397 
   307	 1	 332 333 346 345 1385 1386 1399 1398 
   308	 1	 333 334 347 346 1386 1387 1400 1399 
   309	 1	 334 335 348 347 1387 1388 1401 1400 
   310	 1	 335 336 349 348 1388 1389 1402 1401 
   311	 1	 336 337 350 349 1389 1390 1403 1402 
   312	 1	 337 338 351 350 1390 1391 1404 1403 
   313	 1	 339 340 353 352 1392 1393 1406 1405 
   314	 1	 340 341 354 353 1393 1394 1407 1406 
   315	 1	 341 342 355 354 1394 1395 1408 1407 
   316	 1	 342 343 356 355 1395 1396 1409 1408 
   317	 1	 343 344 357 356 1396 1397 1410 1409 
   318	 1	 344 345 358 357 1397 1398 1411 1410 
   319	 1	 345 346 359 358 1398 1399 1412 1411 
   320	 1	 346 347 360 359 1399 1400 1413 1412 
   321	 1	 347 348 361 360 1400 1401 1414 1413 
   322	 1	 348 349 362 361 1401 1402 1415 1414 
   323	 1	 349 350 363 362 1402 1403 1416 1415 
   324	 1	 350 351 364 363 1403 1404 1417 1416 
   325	 1	 352 353 366 365 1405 1406 1419 1418 
   326	 1	 353 354 367 366 1406 1407 1420 1419 
   327	 1	 354 355 368 367 1407 1408 1421 1420 
   328	 1	 355 356 369 368 1408 1409 1422 1421 
   329	 1	 356 357 370 369 1409 1410 1423 1422 
   330	 1	 357 358 371 370 1410 1411 1424 1423 
   331	 1	 358 359 372 371 1411 1412 1425 1424 
   332	 1	 359 360 373 372 1412 1413 1426 1425 
   333	 1	 360 361 374 373 1413 1414 1427 1426 
   334	 1	 361 362 375 374 1414 1415 1428 1427 
   335	 1	 362 363 376 375 1415 1416 1429 1428 
   336	 1	 363 364 377 376 1416 1417 1430 1429 
   337	 1	 365 366 379 378 1418 1419 1432 1431 
   338	 1	 366 367 380 379 1419 1420 1433 1432 
   339	 1	 367 368 381 380 1420 1421 1434 1433 
   340	 1	 368 369 382 381 1421 1422 1435 1434 
   341	 1	 369 370 383 382 1422 1423 1436 1435 
   342	 1	 370 371 384 383 1423 1424 1437 1436 
   343	 1	 371 372 385 384 1424 1425 1438 1437 
   344	 1	 372 373 386 385 1425 1426 1439 1438 
   345	 1	 373 374 387 386 1426 1427 1440 1439 
   346	 1	 374 375 388 387 1427 1428 1441 1440 
   347	 1	 375 376 389 388 1428 1429 1442 1441 
   348	 1	 376 377 390 389 1429 1430 1443 1442 
   349	 1	 378 379 392 391 1431 1432 1445 1444 
   350	 1	 379 380 393 392 1432 1433 1446 1445 
   351	 1	 380 381 394 393 1433 1434 1447 1446 
   352	 1	 381 382 395 394 1434 1435 1448 1447 
   353	 1	 382 383 396 395 1435 1436 1449 1448 
   354	 1	 383 384 397 396 1436 1437 1450 1449 
   355	 1	 384 385 398 397 1437 1438 1451 1450 
   356	 1	 385 386 399 398 1438 1439 1452 1451 
   357	 1	 386 387 400 399 1439 1440 1453 1452 
   358	 1	 387 388 401 400 1440 1441 1454 1453 
   359	 1	 388 389 402 401 1441 1442 1455 1454 
   360	 1	 389 390 403 402 1442 1443 1456 1455 
   361	 1	 391 392 405 404 1444 1445 1458 1457 
   362	 1	 392 393 406 405 1445 1446 1459 1458 
   363	 1	 393 394 407 406 1446 1447 1460 1459 
   364	 1	 394 395 408 407 1447 1448 1461 1460 
   365	 1	 395 396 409 408 1448 1449 1462 1461 
   366	 1	 396 397 410 409 1449 1450 1463 1462 
   367	 1	 397 398 411 410 1450 1451 1464 1463 
   368	 1	 398 399 412 411 1451 1452 1465 1464 
   369	 1	 399 400 413 412 1452 1453 1466 1465 
   370	 1	 400 401 414 413 1453 1454 1467 1466 
   371	 1	 401 402 415 414 1454 1455 1468 1467 
   372	 1	 402 403 416 415 1455 1456 1469 1468 
   373	 1	 404 405 418 417 1457 1458 1471 1470 
   374	 1	 405 406 419 418 1458 1459 1472 1471 
   375	 1	 406 407 420 419 1459 1460 1473 1472 
   376	 1	 407 408 421 420 1460 1461 1474 1473 
   377	 1	 408 409 422 421 1461 1462 1475 1474 
   378	 1	 409 410 423 422 1462 1463 1476 1475 
   379	 1	 410 411 424 423 1463 1464 1477 1476 
   380	 1	 411 412 425 424 1464 1465 1478 1477 
   381	 1	 412 413 426 425 1465 1466 1479 1478 
   382	 1	 413 414 427 426 1466 1467 1480 1479 
   383	 1	 414 415 428 427 1467 1468 1481 1480 
   384	 1	 415 416 429 428 1468 1469 1482 1481 
   385	 1	 417 418 431 430 1470 1471 1484 1483 
   386	 1	 418 419 432 431 1471 1472 1485 1484 
   387	 1	 419 420 433 432 1472 1473 1486 1485 
   388	 1	 420 421 434 433 1473 1474 1487 1486 
   389	 1	 421 422 435 434 1474 1475 1488 1487 
   390	 1	 422 423 436 435 1475 1476 1489 1488 
   391	 1	 423 424 437 436 1476 1477 1490 1489 
   392	 1	 424 425 438 437 1477 1478 1491 1490 
   393	 1	 425 426 439 438 1478 1479 1492 1491 
   394	 1	 426 427 440 439 1479 1480 1493 1492 
   395	 1	 427 428 441 440 1480 1481 1494 1493 
   396	 1	 428 429 442 441 1481 1482 1495 1494 
   397	 1	 430 431 444 443 1483 1484 1497 1496 
   398	 1	 431 432 445 444 1484 1485 1498 1497 
   399	 1	 432 433 446 445 1485 1486 1499 1498 
   400	 1	 433 434 447 446 1486 1487 1500 1499 
   401	 1	 434 435 448 447 1487 1488 1501 1500 
   402	 1	 435 436 449 448 1488 1489 1502 1501 
   403	 1	 436 437 450 449 1489 1490 1503 1502 
   404	 1	 437 438 451 450 1490 1491 1504 1503 
   405	 1	 438 439 452 451 1491 1492 1505 1504 
   406	 1	 439 440 453 452 1492 1493 1506 1505 
   407	 1	 440 441 454 453 1493 1494 1507 1506 
   408	 1	 441 442 455 454 1494 1495 1508 1507 
   409	 1	 443 444 457 456 1496 1497 1510 1509 
   410	 1	 444 445 458 457 1497 1498 1511 1510 
   411	 1	 445 446 459 458 1498 1499 1512 1511 
   412	 1	 446 447 460 459 1499 1500 1513 1512 
   413	 1	 447 448 461 460 1500 1501 1514 1513 
   414	 1	 448 449 462 461 1501 1502 1515 1514 
   415	 1	 449 450 463 462 1502 1503 1516 1515 
   416	 1	 450 451 464 463 1503 1504 1517 1516 
   417	 1	 451 452 465 464 1504 1505 1518 1517 
   418	 1	 452 453 466 465 1505 1506 1519 1518 
   419	 1	 453 454 467 466 1506 1507 1520 1519 
   420	 1	 454 455 468 467 1507 1508 1521 1520 
   421	 1	 456 457 470 469 1509 1510 1523 1522 
   422	 1	 457 458 471 470 1510 1511 1524 1523 
   423	 1	 458 459 472 471 1511 1512 1525 1524 
   424	 1	 459 460 473 472 1512 1513 1526 1525 
   425	 1	 460 461 474 473 1513 1514 1527 1526 
   426	 1	 461 462 475 474 1514 1515 1528 1527 
   427	 1	 462 463 476 475 1515 1516 1529 1528 
   428	 1	 463 464 477 476 1516 1517 1530 1529 
   429	 1	 464 465 478 477 1517 1518 1531 1530 
   430	 1	 465 466 479 478 1518 1519 1532 1531 
   431	 1	 466 467 480 479 1519 1520 1533 1532 
   432	 1	 467 468 481 480 1520 1521 1534 1533 
   433	 1	 469 470 483 482 1522 1523 1536 1535 
   434	 1	 470 471 484 483 1523 1524 1537 1536 
   435	 1	 471 472 485 484 1524 1525 1538 1537 
   436	 1	 472 473 486 485 1525 1526 1539 1538 
   437	 1	 473 474 487 486 1526 1527 1540 1539 
   438	 1	 474 475 488 487 1527 1528 1541 1540 
   439	 1	 475 476 489 488 1528 1529 1542 1541 
   440	 1	 476 477 490 489 1529 1530 1543 1542 
   441	 1	 477 478 491 490 1530 1531 1544 1543 
   442	 1	 478 479 492 491 1531 1532 1545 1544 
   443	 1	 479 480 493 492 1532 1533 1546 1545 
   444	 1	 480 481 494 493 1533 1534 1547 1546 
   445	 1	 482 483 496 495 1535 1536 1549 1548 
   446	 1	 483 484 497 496 1536 1537 1550 1549 
   447	 1	 484 485 498 497 1537 1538 1551 1550 
   448	 1	 485 486 499 498 1538 1539 1552 1551 
   449	 1	 486 487 500 499 1539 1540 1553 1552 
   450	 1	 487 488 501 500 1540 1541 1554 1553 
   451	 1	 488 489 502 501 1541 1542 1555 1554 
   452	 1	 489 490 503 502 1542 1543 1556 1555 
   453	 1	 490 491 504 503 1543 1544 1557 1556 
   454	 1	 491 492 505 504 1544 1545 1558 1557 
   455	 1	 492 493 506 505 1545 1546 1559 1558 
   456	 1	 493 494 507 506 1546 1547 1560 1559 
   457	 1	 495 496 509 508 1548 1549 1562 1561 
   458	 1	 496 497 510 509 1549 1550 1563 1562 
   459	 1	 497 498 511 510 1550 1551 1564 1563 
   460	 1	 498 499 512 511 1551 1552 1565 1564 
   461	 1	 499 500 513 512 1552 1553 1566 1565 
   462	 1	 500 501 514 513 1553 1554 1567 1566 
   463	 1	 501 502 515 514 1554 1555 1568 1567 
   464	 1	 502 503 516 515 1555 1556 1569 1568 
   465	 1	 503 504 517 516 1556 1557 1570 1569 
   466	 1	 504 505 518 517 1557 1558 1571 1570 
   467	 1	 505 506 519 518 1558 1559 1572 1571 
   468	 1	 506 507 520 519 1559 1560 1573 1572 
   469	 1	 508 509 522 521 1561 1562 1575 1574 
   470	 1	 509 510 523 522 1562 1563 1576 1575 
   471	 1	 510 511 524 523 1563 1564 1577 1576 
   472	 1	 511 512 525 524 1564 1565 1578 1577 
   473	 1	 512 513 526 525 1565 1566 1579 1578 
   474	 1	 513 514 527 526 1566 1567 1580 1579 
   475	 1	 514 515 528 527 1567 1568 1581 1580 
   476	 1	 515 516 529 528 1568 1569 1582 1581 
   477	 1	 516 517 530 529 1569 1570 1583 1582 
   478	 1	 517 518 531 530 1570 1571 1584 1583 
   479	 1	 518 519 532 531 1571 1572 1585 1584 
   480	 1	 519 520 533 532 1572 1573 1586 1585 
   481	 1	 521 522 535 534 1574 1575 1588 1587 
   482	 1	 522 523 536 535 1575 1576 1589 1588 
   483	 1	 523 524 537 536 1576 1577 1590 1589 
   484	 1	 524 525 538 537 1577 1578 1591 1590 
   485	 1	 525 526 539 538 1578 1579 1592 1591 
   486	 1	 526 527 540 539 1579 1580 1593 1592 
   487	 1	 527 528 541 540 1580 1581 1594 1593 
   488	 1	 528 529 542 541 1581 1582 1595 1594 
   489	 1	 529 530 543 542 1582 1583 1596 1595 
   490	 1	 530 531 544 543 1583 1584 1597 1596 
   491	 1	 531 532 545 544 1584 1585 1598 1597 
   492	 1	 532 533 546 545 1585 1586 1599 1598 
   493	 1	 534 535 548 547 1587 1588 1601 1600 
   494	 1	 535 536 549 548 1588 1589 1602 1601 
   495	 1	 536 537 550 549 1589 1590 1603 1602 
   496	 1	 537 538 551 550 1590 1591 1604 1603 
   497	 1	 538 539 552 551 1591 1592 1605 1604 
   498	 1	 539 540 553 552 1592 1593 1606 1605 
   499	 1	 540 541 554 553 1593 1594 1607 1606 
   500	 1	 541 542 555 554 1594 1595 1608 1607 
   501	 1	 542 543 556 555 1595 1596 1609 1608 
   502	 1	 543 544 557 556 1596 1597 1610 1609 
   503	 1	 544 545 558 557 1597 1598 1611 1610 
   504	 1	 545 546 559 558 1598 1599 1612 1611 
   505	 1	 547 548 561 560 1600 1601 1614 1613 
   506	 1	 548 549 562 561 1601 1602 1615 1614 
   507	 1	 549 550 563 562 1602 1603 1616 1615 
   508	 1	 550 551 564 563 1603 1604 1617 1616 
   509	 1	 551 552 565 564 1604 1605 1618 1617 
   510	 1	 552 553 566 565 1605 1606 1619 1618 
   511	 1	 553 554 567 566 1606 1607 1620 1619 
   512	 1	 554 555 568 567 1607 1608 1621 1620 
   513	 1	 555 556 569 568 1608 1609 1622 1621 
   514	 1	 556 557 570 569 1609 1610 1623 1622 
   515	 1	 557 558 571 570 1610 1611 1624 1623 
   516	 1	 558 559 572 571 1611 1612 1625 1624 
   517	 1	 560 561 574 573 1613 1614 1627 1626 
   518	 1	 561 562 575 574 1614 1615 1628 1627 
   519	 1	 562 563 576 575 1615 1616 1629 1628 
   520	 1	 563 564 577 576 1616 1617 1630 1629 
   521	 1	 564 565 578 577 1617 1618 1631 1630 
   522	 1	 565 566 579 578 1618 1619 1632 1631 
   523	 1	 566 567 580 579 1619 1620 1633 1632 
   524	 1	 567 568 581 580 1620 1621 1634 1633 
   525	 1	 568 569 582 581 1621 1622 1635 1634 
   526	 1	 569 570 583 582 1622 1623 1636 1635 
   527	 1	 570 571 584 583 1623 1624 1637 1636 
   528	 1	 571 572 585 584 1624 1625 1638 1637 
   529	 1	 573 574 587 586 1626 1627 1640 1639 
   530	 1	 574 575 588 587 1627 1628 1641 1640 
   531	 1	 575 576 589 588 1628 1629 1642 1641 
   532	 1	 576 577 590 589 1629 1630 1643 1642 
   533	 1	 577 578 591 590 1630 1631 1644 1643 
   534	 1	 578 579 592 591 1631 1632 1645 1644 
   535	 1	 579 580 593 592 1632 1633 1646 1645 
   536	 1	 580 581 594 593 1633 1634 1647 1646 
   537	 1	 581 582 595 594 1634 1635 1648 1647 
   538	 1	 582 583 596 595 1635 1636 1649 1648 
   539	 1	 583 584 597 596 1636 1637 1650 1649 
   540	 1	 584 585 598 597 1637 1638 1651 1650 
   541	 1	 586 587 600 599 1639 1640 1653 1652 
   542	 1	 587 588 601 600 1640 1641 1654 1653 
   543	 1	 588 589 602 601 1641 1642 1655 1654 
   544	 1	 589 590 603 602 1642 1643 1656 1655 
   545	 1	 590 591 604 603 1643 1644 1657 1656 
   546	 1	 591 592 605 604 1644 1645 1658 1657 
   547	 1	 592 593 606 605 1645 1646 1659 1658 
   548	 1	 593 594 607 606 1646 1647 1660 1659 
   549	 1	 594 595 608 607 1647 1648 1661 1660 
   550	 1	 595 596 609 608 1648 1649 1662 1661 
   551	 1	 596 597 610 609 1649 1650 1663 1662 
   552	 1	 597 598 611 610 1650 1651 1664 1663 
   553	 1	 599 600 613 612 1652 1653 1666 1665 
   554	 1	 600 601 614 613 1653 1654 1667 1666 
   555	 1	 601 602 615 614 1654 1655 1668 1667 
   556	 1	 602 603 616 615 1655 1656 1669 1668 
   557	 1	 603 604 617 616 1656 1657 1670 1669 
   558	 1	 604 605 618 617 1657 1658 1671 1670 
   559	 1	 605 606 619 618 1658 1659 1672 1671 
   560	 1	 606 607 620 619 1659 1660 1673 1672 
   561	 1	 607 608 621 620 1660 1661 1674 1673 
   562	 1	 608 609 622 621 1661 1662 1675 1674 
   563	 1	 609 610 623 622 1662 1663 1676 1675 
   564	 1	 610 611 624 623 1663 1664 1677 1676 
   565	 1	 612 613 626 625 1665 1666 1679 1678 
   566	 1	 613 614 627 626 1666 1667 1680 1679 
   567	 1	 614 615 628 627 1667 1668 1681 1680 
   568	 1	 615 616 629 628 1668 1669 1682 1681 
   569	 1	 616 617 630 629 1669 1670 1683 1682 
   570	 1	 617 618 631 630 1670 1671 1684 1683 
   571	 1	 618 619 632 631 1671 1672 1685 1684 
   572	 1	 619 620 633 632 1672 1673 1686 1685 
   573	 1	 620 621 634 633 1673 1674 1687 1686 
   574	 1	 621 622 635 634 1674 1675 1688 1687 
   575	 1	 622 623 636 635 1675 1676 1689 1688 
   576	 1	 623 624 637 636 1676 1677 1690 1689 
   577	 1	 625 626 639 638 1678 1679 1692 1691 
   578	 1	 626 627 640 639 1679 1680 1693 1692 
   579	 1	 627 628 641 640 1680 1681 1694 1693 
   580	 1	 628 629 642 641 1681 1682 1695 1694 
   581	 1	 629 630 643 642 1682 1683 1696 1695 
   582	 1	 630 631 644 643 1683 1684 1697 1696 
   583	 1	 631 632 645 644 1684 1685 1698 1697 
   584	 1	 632 633 646 645 1685 1686 1699 1698 
   585	 1	 633 634 647 646 1686 1687 1700 1699 
   586	 1	 634 635 648 647 1687 1688 1701 1700 
   587	 1	 635 636 649 648 1688 1689 1702 1701 
   588	 1	 636 637 650 649 1689 1690 1703 1702 
   589	 1	 638 639 652 651 1691 1692 1705 1704 
   590	 1	 639 640 653 652 1692 1693 1706 1705 
   591	 1	 640 641 654 653 1693 1694 1707 1706 
   592	 1	 641 642 655 654 1694 1695 1708 1707 
   593	 1	 642 643 656 655 1695 1696 1709 1708 
   594	 1	 643 644 657 656 1696 1697 1710 1709 
   595	 1	 644 645 658 657 1697 1698 1711 1710 
   596	 1	 645 646 659 658 1698 1699 1712 1711 
   597	 1	 646 647 660 659 1699 1700 1713 1712 
   598	 1	 647 648 661 660 1700 1701 1714 1713 
   599	 1	 648 649 662 661 1701 1702 1715 1714 
   600	 1	 649 650 663 662 1702 1703 1716 1715 
   601	 1	 651 652 665 664 1704 1705 1718 1717 
   602	 1	 652 653 666 665 1705 1706 1719 1718 
   603	 1	 653 654 667 666 1706 1707 1720 1719 
   604	 1	 654 655 668 667 1707 1708 1721 1720 
   605	 1	 655 656 669 668 1708 1709 1722 1721 
   606	 1	 656 657 670 669 1709 1710 1723 1722 
   607	 1	 657 658 671 670 1710 1711 1724 1723 
   608	 1	 658 659 672 671 1711 1712 1725 1724 
   609	 1	 659 660 673 672 1712 1713 1726 1725 
   610	 1	 660 661 674 673 1713 1714 1727 1726 
   611	 1	 661 662 675 674 1714 1715 1728 1727 
   612	 1	 662 663 676 675 1715 1716 1729 1728 
   613	 1	 664 665 678 677 1717 1718 1731 1730 
   614	 1	 665 666 679 678 1718 1719 1732 1731 
   615	 1	 666 667 680 679 1719 1720 1733 1732 
   616	 1	 667 668 681 680 1720 1721 1734 1733 
   617	 1	 668 669 682 681 1721 1722 1735 1734 
   618	 1	 669 670 683 682 1722 1723 1736 1735 
   619	 1	 670 671 684 683 1723 1724 1737 1736 
   620	 1	 671 672 685 684 1724 1725 1738 1737 
   621	 1	 672 673 686 685 1725 1726 1739 1738 
   622	 1	 673 674 687 686 1726 1727 1740 1739 
   623	 1	 674 675 688 687 1727 1728 1741 1740 
   624	 1	 675 676 689 688 1728 1729 1742 1741 
   625	 1	 677 678 691 690 1730 1731 1744 1743 
   626	 1	 678 679 692 691 1731 1732 1745 1744 
   627	 1	 679 680 693 692 1732 1733 1746 1745 
   628	 1	 680 681 694 693 1733 1734 1747 1746 
   629	 1	 681 682 695 694 1734 1735 1748 1747 
   630	 1	 682 683 696 695 1735 1736 1749 1748 
   631	 1	 683 684 697 696 1736 1737 1750 1749 
   632	 1	 684 685 698 697 1737 1738 1751 1750 
   633	 1	 685 686 699 698 1738 1739 1752 1751 
   634	 1	 686 687 700 699 1739 1740 1753 1752 
   635	 1	 687 688 701 700 1740 1741 1754 1753 
   636	 1	 688 689 702 701 1741 1742 1755 1754 
   637	 1	 690 691 704 703 1743 1744 1757 1756 
   638	 1	 691 692 705 704 1744 1745 1758 1757 
   639	 1	 692 693 706 705 1745 1746 1759 1758 
   640	 1	 693 694 707 706 1746 1747 1760 1759 
   641	 1	 694 695 708 707 1747 1748 1761 1760 
   642	 1	 695 696 709 708 1748 1749 1762 1761 
   643	 1	 696 697 710 709 1749 1750 1763 1762 
   644	 1	 697 698 711 710 1750 1751 1764 1763 
   645	 1	 698 699 712 711 1751 1752 1765 1764 
   646	 1	 699 700 713 712 1752 1753 1766 1765 
   647	 1	 700 701 714 713 1753 1754 1767 1766 
   648	 1	 701 702 715 714 1754 1755 1768 1767 
   649	 1	 703 704 717 716 1756 1757 1770 1769 
   650	 1	 704 705 718 717 1757 1758 1771 1770 
   651	 1	 705 706 719 718 1758 1759 1772 1771 
   652	 1	 706 707 720 719 1759 1760 1773 1772 
   653	 1	 707 708 721 720 1760 1761 1774 1773 
   654	 1	 708 709 722 721 1761 1762 1775 1774 
   655	 1	 709 710 723 722 1762 1763 1776 1775 
   656	 1	 710 711 724 723 1763 1764 1777 1776 
   657	 1	 711 712 725 724 1764 1765 1778 1777 
   658	 1	 712 713 726 725 1765 1766 1779 1778 
   659	 1	 713 714 727 726 1766 1767 1780 1779 
   660	 1	 714 715 728 727 1767 1768 1781 1780 
   661	 1	 716 717 730 729 1769 1770 1783 1782 
   662	 1	 717 718 731 730 1770 1771 1784 1783 
   663	 1	 718 719 732 731 1771 1772 1785 1784 
   664	 1	 719 720 733 732 1772 1773 1786 1785 
   665	 1	 720 721 734 733 1773 1774 1787 1786 
   666	 1	 721 722 735 734 1774 1775 1788 1787 
   667	 1	 722 723 736 735 1775 1776 1789 1788 
   668	 1	 723 724 737 736 1776 1777 1790 1789 
   669	 1	 724 725 738 737 1777 1778 1791 1790 
   670	 1	 725 726 739 738 1778 1779 1792 1791 
   671	 1	 726 727 740 739 1779 1780 1793 1792 
   672	 1	 727 728 741 740 1780 1781 1794 1793 
   673	 1	 729 730 743 742 1782 1783 1796 1795 
   674	 1	 730 731 744 743 1783 1784 1797 1796 
   675	 1	 731 732 745 744 1784 1785 1798 1797 
   676	 1	 732 733 746 745 1785 1786 1799 1798 
   677	 1	 733 734 747 746 1786 1787 1800 1799 
   678	 1	 734 735 748 747 1787 1788 1801 1800 
   679	 1	 735 736 749 748 1788 1789 1802 1801 
   680	 1	 736 737 750 749 1789 1790 1803 1802 
   681	 1	 737 738 751 750 1790 1791 1804 1803 
   682	 1	 738 739 752 751 1791 1792 1805 1804 
   683	 1	 739 740 753 752 1792 1793 1806 1805 
   684	 1	 740 741 754 753 1793 1794 1807 1806 
   685	 1	 742 743 756 755 1795 1796 1809 1808 
   686	 1	 743 744 757 756 1796 1797 1810 1809 
   687	 1	 744 745 758 757 1797 1798 1811 1810 
   688	 1	 745 746 759 758 1798 1799 1812 1811 
   689	 1	 746 747 760 759 1799 1800 1813 1812 
   690	 1	 747 748 761 760 1800 1801 1814 1813 
   691	 1	 748 749 762 761 1801 1802 1815 1814 
   692	 1	 749 750 763 762 1802 1803 1816 1815 
   693	 1	 750 751 764 763 1803 1804 1817 1816 
   694	 1	 751 752 765 764 1804 1805 1818 1817 
   695	 1	 752 753 766 765 1805 1806 1819 1818 
   696	 1	 753 754 767 766 1806 1807 1820 1819 
   697	 1	 755 756 769 768 1808 1809 1822 1821 
   698	 1	 756 757 770 769 1809 1810 1823 1822 
   699	 1	 757 758 771 770 1810 1811 1824 1823 
   700	 1	 758 759 772 771 1811 1812 1825 1824 
   701	 1	 759 760 773 772 1812 1813 1826 1825 
   702	 1	 760 761 774 773 1813 1814 1827 1826 
   703	 1	 761 762 775 774 1814 1815 1828 1827 
   704	 1	 762 763 776 775 1815 1816 1829 1828 
   705	 1	 763 764 777 776 1816 1817 1830 1829 
   706	 1	 764 765 778 777 1817 1818 1831 1830 
   707	 1	 765 766 779 778 1818 1819 1832 1831 
   708	 1	 766 767 780 779 1819 1820 1833 1832 
   709	 1	 768 769 782 781 1821 1822 1835 1834 
   710	 1	 769 770 783 782 1822 1823 1836 1835 
   711	 1	 770 771 784 783 1823 1824 1837 1836 
   712	 1	 771 772 785 784 1824 1825 1838 1837 
   713	 1	 772 773 786 785 1825 1826 1839 1838 
   714	 1	 773 774 787 786 1826 1827 1840 1839 
   715	 1	 774 775 788 787 1827 1828 1841 1840 
   716	 1	 775 776 789 788 1828 1829 1842 1841 
   717	 1	 776 777 790 789 1829 1830 1843 1842 
   718	 1	 777 778 791 790 1830 1831 1844 1843 
   719	 1	 778 779 792 791 1831 1832 1845 1844 
   720	 1	 779 780 793 792 1832 1833 1846 1845 
   721	 1	 781 782 795 794 1834 1835 1848 1847 
   722	 1	 782 783 796 795 1835 1836 1849 1848 
   723	 1	 783 784 797 796 1836 1837 1850 1849 
   724	 1	 784 785 798 797 1837 1838 1851 1850 
   725	 1	 785 786 799 798 1838 1839 1852 1851 
   726	 1	 786 787 800 799 1839 1840 1853 1852 
   727	 1	 787 788 801 800 1840 1841 1854 1853 
   728	 1	 788 789 802 801 1841 1842 1855 1854 
   729	 1	 789 790 803 802 1842 1843 1856 1855 
   730	 1	 790 791 804 803 1843 1844 1857 1856 
   731	 1	 791 792 805 804 1844 1845 1858 1857 
   732	 1	 792 793 806 805 1845 1846 1859 1858 
   733	 1	 794 795 808 807 1847 1848 1861 1860 
   734	 1	 795 796 809 808 1848 1849 1862 1861 
   735	 1	 796 797 810 809 1849 1850 1863 1862 
   736	 1	 797 798 811 810 1850 1851 1864 1863 
   737	 1	 798 799 812 811 1851 1852 1865 1864 
   738	 1	 799 800 813 812 1852 1853 1866 1865 
   739	 1	 800 801 814 813 1853 1854 1867 1866 
   740	 1	 801 802 815 814 1854 1855 1868 1867 
   741	 1	 802 803 816 815 1855 1856 1869 1868 
   742	 1	 803 804 817 816 1856 1857 1870 1869 
   743	 1	 804 805 818 817 1857 1858 1871 1870 
   744	 1	 805 806 819 818 1858 1859 1872 1871 
   745	 1	 807 808 821 820 1860 1861 1874 1873 
   746	 1	 808 809 822 821 1861 1862 1875 1874 
   747	 1	 809 810 823 822 1862 1863 1876 1875 
   748	 1	 810 811 824 823 1863 1864 1877 1876 
   749	 1	 811 812 825 824 1864 1865 1878 1877 
   750	 1	 812 813 826 825 1865 1866 1879 1878 
   751	 1	 813 814 827 826 1866 1867 1880 1879 
   752	 1	 814 815 828 827 1867 1868 1881 1880 
   753	 1	 815 816 829 828 1868 1869 1882 1881 
   754	 1	 816 817 830 829 1869 1870 1883 1882 
   755	 1	 817 818 831 830 1870 1871 1884 1883 
   756	 1	 818 819 832 831 1871 1872 1885 1884 
   757	 1	 820 821 834 833 1873 1874 1887 1886 
   758	 1	 821 822 835 834 1874 1875 1888 1887 
   759	 1	 822 823 836 835 1875 1876 1889 1888 
   760	 1	 823 824 837 836 1876 1877 1890 1889 
   761	 1	 824 825 838 837 1877 1878 1891 1890 
   762	 1	 825 826 839 838 1878 1879 1892 1891 
   763	 1	 826 827 840 839 1879 1880 1893 1892 
   764	 1	 827 828 841 840 1880 1881 1894 1893 
   765	 1	 828 829 842 841 1881 1882 1895 1894 
   766	 1	 829 830 843 842 1882 1883 1896 1895 
   767	 1	 830 831 844 843 1883 1884 1897 1896 
   768	 1	 831 832 845 844 1884 1885 1898 1897 
   769	 1	 833 834 847 846 1886 1887 1900 1899 
   770	 1	 834 835 848 847 1887 1888 1901 1900 
   771	 1	 835 836 849 848 1888 1889 1902 1901 
   772	 1	 836 837 850 849 1889 1890 1903 1902 
   773	 1	 837 838 851 850 1890 1891 1904 1903 
   774	 1	 838 839 852 851 1891 1892 1905 1904 
   775	 1	 839 840 853 852 1892 1893 1906 1905 
   776	 1	 840 841 854 853 1893 1894 1907 1906 
   777	 1	 841 842 855 854 1894 1895 1908 1907 
   778	 1	 842 843 856 855 1895 1896 1909 1908 
   779	 1	 843 844 857 856 1896 1897 1910 1909 
   780	 1	 844 845 858 857 1897 1898 1911 1910 
   781	 1	 846 847 860 859 1899 1900 1913 1912 
   782	 1	 847 848 861 860 1900 1901 1914 1913 
   783	 1	 848 849 862 861 1901 1902 1915 1914 
   784	 1	 849 850 863 862 1902 1903 1916 1915 
   785	 1	 850 851 864 863 1903 1904 1917 1916 
   786	 1	 851 852 865 864 1904 1905 1918 1917 
   787	 1	 852 853 866 865 1905 1906 1919 1918 
   788	 1	 853 854 867 866 1906 1907 1920 1919 
   789	 1	 854 855 868 867 1907 1908 1921 1920 
   790	 1	 855 856 869 868 1908 1909 1922 1921 
   791	 1	 856 857 870 869 1909 1910 1923 1922 
   792	 1	 857 858 871 870 1910 1911 1924 1923 
   793	 1	 859 860 873 872 1912 1913 1926 1925 
   794	 1	 860 861 874 873 1913 1914 1927 1926 
   795	 1	 861 862 875 874 1914 1915 1928 1927 
   796	 1	 862 863 876 875 1915 1916 1929 1928 
   797	 1	 863 864 877 876 1916 1917 1930 1929 
   798	 1	 864 865 878 877 1917 1918 1931 1930 
   799	 1	 865 866 879 878 1918 1919 1932 1931 
   800	 1	 866 867 880 879 1919 1920 1933 1932 
   801	 1	 867 868 881 880 1920 1921 1934 1933 
   802	 1	 868 869 882 881 1921 1922 1935 1934 
   803	 1	 869 870 883 882 1922 1923 1936 1935 
   804	 1	 870 871 884 883 1923 1924 1937 1936 
   805	 1	 872 873 886 885 1925 1926 1939 1938 
   806	 1	 873 874 887 886 1926 1927 1940 1939 
   807	 1	 874 875 888 887 1927 1928 1941 1940 
   808	 1	 875 876 889 888 1928 1929 1942 1941 
   809	 1	 876 877 890 889 1929 1930 1943 1942 
   810	 1	 877 878 891 890 1930 1931 1944 1943 
   811	 1	 878 879 892 891 1931 1932 1945 1944 
   812	 1	 879 880 893 892 1932 1933 1946 1945 
   813	 1	 880 881 894 893 1933 1934 1947 1946 
   814	 1	 881 882 895 894 1934 1935 1948 1947 
   815	 1	 882 883 896 895 1935 1936 1949 1948 
   816	 1	 883 884 897 896 1936 1937 1950 1949 
   817	 1	 885 886 899 898 1938 1939 1952 1951 
   818	 1	 886 887 900 899 1939 1940 1953 1952 
   819	 1	 887 888 901 900 1940 1941 1954 1953 
   820	 1	 888 889 902 901 1941 1942 1955 1954 
   821	 1	 889 890 903 902 1942 1943 1956 1955 
   822	 1	 890 891 904 903 1943 1944 1957 1956 
   823	 1	 891 892 905 904 1944 1945 1958 1957 
   824	 1	 892 893 906 905 1945 1946 1959 1958 
   825	 1	 893 894 907 906 1946 1947 1960 1959 
   826	 1	 894 895 908 907 1947 1948 1961 1960 
   827	 1	 895 896 909 908 1948 1949 1962 1961 
   828	 1	 896 897 910 909 1949 1950 1963 1962 
   829	 1	 898 899 912 911 1951 1952 1965 1964 
   830	 1	 899 900 913 912 1952 1953 1966 1965 
   831	 1	 900 901 914 913 1953 1954 1967 1966 
   832	 1	 901 902 915 914 1954 1955 1968 1967 
   833	 1	 902 903 916 915 1955 1956 1969 1968 
   834	 1	 903 904 917 916 1956 1957 1970 1969 
   835	 1	 904 905 918 917 1957 1958 1971 1970 
   836	 1	 905 906 919 918 1958 1959 1972 1971 
   837	 1	 906 907 920 919 1959 1960 1973 1972 
   838	 1	 907 908 921 920 1960 1961 1974 1973 
   839	 1	 908 909 922 921 1961 1962 1975 1974 
   840	 1	 909 910 923 922 1962 1963 1976 1975 
   841	 1	 911 912 925 924 1964 1965 1978 1977 
   842	 1	 912 913 926 925 1965 1966 1979 1978 
   843	 1	 913 914 927 926 1966 1967 1980 1979 
   844	 1	 914 915 928 927 1967 1968 1981 1980 
   845	 1	 915 916 929 928 1968 1969 1982 1981 
   846	 1	 916 917 930 929 1969 1970 1983 1982 
   847	 1	 917 918 931 930 1970 1971 1984 1983 
   848	 1	 918 919 932 931 1971 1972 1985 1984 
   849	 1	 919 920 933 932 1972 1973 1986 1985 
   850	 1	 920 921 934 933 1973 1974 1987 1986 
   851	 1	 921 922 935 934 1974 1975 1988 1987 
   852	 1	 922 923 936 935 1975 1976 1989 1988 
   853	 1	 924 925 938 937 1977 1978 1991 1990 
   854	 1	 925 926 939 938 1978 1979 1992 1991 
   855	 1	 926 927 940 939 1979 1980 1993 1992 
   856	 1	 927 928 941 940 1980 1981 1994 1993 
   857	 1	 928 929 942 941 1981 1982 1995 1994 
   858	 1	 929 930 943 942 1982 1983 1996 1995 
   859	 1	 930 931 944 943 1983 1984 1997 1996 
   860	 1	 931 932 945 944 1984 1985 1998 1997 
   861	 1	 932 933 946 945 1985 1986 1999 1998 
   862	 1	 933 934 947 946 1986 1987 2000 1999 
   863	 1	 934 935 948 947 1987 1988 2001 2000 
   864	 1	 935 936 949 948 1988 1989 2002 2001 
   865	 1	 937 938 951 950 1990 1991 2004 2003 
   866	 1	 938 939 952 951 1991 1992 2005 2004 
   867	 1	 939 940 953 952 1992 1993 2006 2005 
   868	 1	 940 941 954 953 1993 1994 2007 2006 
   869	 1	 941 942 955 954 1994 1995 2008 2007 
   870	 1	 942 943 956 955 1995 1996 2009 2008 
   871	 1	 943 944 957 956 1996 1997 2010 2009 
   872	 1	 944 945 958 957 1997 1998 2011 2010 
   873	 1	 945 946 959 958 1998 1999 2012 2011 
   874	 1	 946 947 960 959 1999 2000 2013 2012 
   875	 1	 947 948 961 960 2000 2001 2014 2013 
   876	 1	 948 949 962 961 2001 2002 2015 2014 
   877	 1	 950 951 964 963 2003 2004 2017 2016 
   878	 1	 951 952 965 964 2004 2005 2018 2017 
   879	 1	 952 953 966 965 2005 2006 2019 2018 
   880	 1	 953 954 967 966 2006 2007 2020 2019 
   881	 1	 954 955 968 967 2007 2008 2021 2020 
   882	 1	 955 956 969 968 2008 2009 2022 2021 
   883	 1	 956 957 970 969 2009 2010 2023 2022 
   884	 1	 957 958 971 970 2010 2011 2024 2023 
   885	 1	 958 959 972 971 2011 2012 2025 2024 
   886	 1	 959 960 973 972 2012 2013 2026 2025 
   887	 1	 960 961 974 973 2013 2014 2027 2026 
   888	 1	 961 962 975 974 2014 2015 2028 2027 
   889	 1	 963 964 977 976 2016 2017 2030 2029 
   890	 1	 964 965 978 977 2017 2018 2031 2030 
   891	 1	 965 966 979 978 2018 2019 2032 2031 
   892	 1	 966 967 980 979 2019 2020 2033 2032 
   893	 1	 967 968 981 980 2020 2021 2034 2033 
   894	 1	 968 969 982 981 2021 2022 2035 2034 
   895	 1	 969 970 983 982 2022 2023 2036 2035 
   896	 1	 970 971 984 983 2023 2024 2037 2036 
   897	 1	 971 972 985 984 2024 2025 2038 2037 
   898	 1	 972 973 986 985 2025 2026 2039 2038 
   899	 1	 973 974 987 986 2026 2027 2040 2039 
   900	 1	 974 975 988 987 2027 2028 2041 2040 
   901	 1	 976 977 990 989 2029 2030 2043 2042 
   902	 1	 977 978 991 990 2030 2031 2044 2043 
   903	 1	 978 979 992 991 2031 2032 2045 2044 
   904	 1	 979 980 993 992 2032 2033 2046 2045 
   905	 1	 980 981 994 993 2033 2034 2047 2046 
   906	 1	 981 982 995 994 2034 2035 2048 2047 
   907	 1	 982 983 996 995 2035 2036 2049 2048 
   908	 1	 983 984 997 996 2036 2037 2050 2049 
   909	 1	 984 985 998 997 2037 2038 2051 2050 
   910	 1	 985 986 999 998 2038 2039 2052 2051 
   911	 1	 986 987 1000 999 2039 2040 2053 2052 
   912	 1	 987 988 1001 1000 2040 2041 2054 2053 
   913	 1	 989 990 1003 1002 2042 2043 2056 2055 
   914	 1	 990 991 1004 1003 2043 2044 2057 2056 
   915	 1	 991 992 1005 1004 2044 2045 2058 2057 
   916	 1	 992 993 1006 1005 2045 2046 2059 2058 
   917	 1	 993 994 1007 1006 2046 2047 2060 2059 
   918	 1	 994 995 1008 1007 2047 2048 2061 2060 
   919	 1	 995 996 1009 1008 2048 2049 2062 2061 
   920	 1	 996 997 1010 1009 2049 2050 2063 2062 
   921	 1	 997 998 1011 1010 2050 2051 2064 2063 
   922	 1	 998 999 1012 1011 2051 2052 2065 2064 
   923	 1	 999 1000 1013 1012 2052 2053 2066 2065 
   924	 1	 1000 1001 1014 1013 2053 2054 2067 2066 
   925	 1	 1002 1003 1016 1015 2055 2056 2069 2068 
   926	 1	 1003 1004 1017 1016 2056 2057 2070 2069 
   927	 1	 1004 1005 1018 1017 2057 2058 2071 2070 
   928	 1	 1005 1006 1019 1018 2058 2059 2072 2071 
   929	 1	 1006 1007 1020 1019 2059 2060 2073 2072 
   930	 1	 1007 1008 1021 1020 2060 2061 2074 2073 
   931	 1	 1008 1009 1022 1021 2061 2062 2075 2074 
   932	 1	 1009 1010 1023 1022 2062 2063 2076 2075 
   933	 1	 1010 1011 1024 1023 2063 2064 2077 2076 
   934	 1	 1011 1012 1025 1024 2064 2065 2078 2077 
   935	 1	 1012 1013 1026 1025 2065 2066 2079 2078 
   936	 1	 1013 1014 1027 1026 2066 2067 2080 2079 
   937	 1	 1015 1016 1029 1028 2068 2069 2082 2081 
   938	 1	 1016 1017 1030 1029 2069 2070 2083 2082 
   939	 1	 1017 1018 1031 1030 2070 2071 2084 2083 
   940	 1	 1018 1019 1032 1031 2071 2072 2085 2084 
   941	 1	 1019 1020 1033 1032 2072 2073 2086 2085 
   942	 1	 1020 1021 1034 1033 2073 2074 2087 2086 
   943	 1	 1021 1022 1035 1034 2074 2075 2088 2087 
   944	 1	 1022 1023 1036 1035 2075 2076 2089 2088 
   945	 1	 1023 1024 1037 1036 2076 2077 2090 2089 
   946	 1	 1024 1025 1038 1037 2077 2078 2091 2090 
   947	 1	 1025 1026 1039 1038 2078 2079 2092 2091 
   948	 1	 1026 1027 1040 1039 2079 2080 2093 2092 
   949	 1	 1028 1029 1042 1041 2081 2082 2095 2094 
   950	 1	 1029 1030 1043 1042 2082 2083 2096 2095 
   951	 1	 1030 1031 1044 1043 2083 2084 2097 2096 
   952	 1	 1031 1032 1045 1044 2084 2085 2098 2097 
   953	 1	 1032 1033 1046 1045 2085 2086 2099 2098 
   954	 1	 1033 1034 1047 1046 2086 2087 2100 2099 
   955	 1	 1034 1035 1048 1047 2087 2088 2101 2100 
   956	 1	 1035 1036 1049 1048 2088 2089 2102 2101 
   957	 1	 1036 1037 1050 1049 2089 2090 2103 2102 
   958	 1	 1037 1038 1051 1050 2090 2091 2104 2103 
   959	 1	 1038 1039 1052 1051 2091 2092 2105 2104 
   960	 1	 1039 1040 1053 1052 2092 2093 2106 2105 
